    0.10000E-03    0.79203E-01
    0.10202E-03    0.80751E-01
    0.10408E-03    0.82329E-01
    0.10618E-03    0.83939E-01
    0.10833E-03    0.85579E-01
    0.11052E-03    0.87252E-01
    0.11275E-03    0.88957E-01
    0.11503E-03    0.90696E-01
    0.11735E-03    0.92469E-01
    0.11972E-03    0.94276E-01
    0.12214E-03    0.96119E-01
    0.12461E-03    0.97997E-01
    0.12712E-03    0.99913E-01
    0.12969E-03    0.10187E+00
    0.13231E-03    0.10386E+00
    0.13499E-03    0.10589E+00
    0.13771E-03    0.10796E+00
    0.14049E-03    0.11007E+00
    0.14333E-03    0.11222E+00
    0.14623E-03    0.11441E+00
    0.14918E-03    0.11665E+00
    0.15220E-03    0.11893E+00
    0.15527E-03    0.12125E+00
    0.15841E-03    0.12362E+00
    0.16161E-03    0.12604E+00
    0.16487E-03    0.12850E+00
    0.16820E-03    0.13101E+00
    0.17160E-03    0.13357E+00
    0.17507E-03    0.13618E+00
    0.17860E-03    0.13884E+00
    0.18221E-03    0.14155E+00
    0.18589E-03    0.14432E+00
    0.18965E-03    0.14714E+00
    0.19348E-03    0.15002E+00
    0.19739E-03    0.15295E+00
    0.20138E-03    0.15594E+00
    0.20544E-03    0.15898E+00
    0.20959E-03    0.16209E+00
    0.21383E-03    0.16526E+00
    0.21815E-03    0.16848E+00
    0.22255E-03    0.17178E+00
    0.22705E-03    0.17513E+00
    0.23164E-03    0.17855E+00
    0.23632E-03    0.18204E+00
    0.24109E-03    0.18560E+00
    0.24596E-03    0.18922E+00
    0.25093E-03    0.19292E+00
    0.25600E-03    0.19669E+00
    0.26117E-03    0.20053E+00
    0.26645E-03    0.20445E+00
    0.27183E-03    0.20844E+00
    0.27732E-03    0.21251E+00
    0.28292E-03    0.21666E+00
    0.28864E-03    0.22089E+00
    0.29447E-03    0.22521E+00
    0.30042E-03    0.22961E+00
    0.30649E-03    0.23409E+00
    0.31268E-03    0.23866E+00
    0.31899E-03    0.24332E+00
    0.32544E-03    0.24807E+00
    0.33201E-03    0.25292E+00
    0.33872E-03    0.25785E+00
    0.34556E-03    0.26289E+00
    0.35254E-03    0.26802E+00
    0.35966E-03    0.27325E+00
    0.36693E-03    0.27858E+00
    0.37434E-03    0.28402E+00
    0.38190E-03    0.28956E+00
    0.38962E-03    0.29522E+00
    0.39749E-03    0.30098E+00
    0.40552E-03    0.30685E+00
    0.41371E-03    0.31284E+00
    0.42207E-03    0.31894E+00
    0.43060E-03    0.32516E+00
    0.43929E-03    0.33150E+00
    0.44817E-03    0.33797E+00
    0.45722E-03    0.34456E+00
    0.46646E-03    0.35128E+00
    0.47588E-03    0.35813E+00
    0.48550E-03    0.36511E+00
    0.49530E-03    0.37223E+00
    0.50531E-03    0.37948E+00
    0.51552E-03    0.38688E+00
    0.52593E-03    0.39442E+00
    0.53656E-03    0.40210E+00
    0.54739E-03    0.40994E+00
    0.55845E-03    0.41792E+00
    0.56973E-03    0.42606E+00
    0.58124E-03    0.43436E+00
    0.59299E-03    0.44282E+00
    0.60496E-03    0.45144E+00
    0.61719E-03    0.46022E+00
    0.62965E-03    0.46918E+00
    0.64237E-03    0.47831E+00
    0.65535E-03    0.48761E+00
    0.66859E-03    0.49710E+00
    0.68210E-03    0.50676E+00
    0.69588E-03    0.51661E+00
    0.70993E-03    0.52666E+00
    0.72427E-03    0.53689E+00
    0.73891E-03    0.54732E+00
    0.75383E-03    0.55795E+00
    0.76906E-03    0.56879E+00
    0.78460E-03    0.57983E+00
    0.80045E-03    0.59108E+00
    0.81662E-03    0.60255E+00
    0.83311E-03    0.61423E+00
    0.84994E-03    0.62614E+00
    0.86711E-03    0.63828E+00
    0.88463E-03    0.65065E+00
    0.90250E-03    0.66325E+00
    0.92073E-03    0.67609E+00
    0.93933E-03    0.68917E+00
    0.95831E-03    0.70251E+00
    0.97767E-03    0.71609E+00
    0.99742E-03    0.72993E+00
    0.10176E-02    0.74403E+00
    0.10381E-02    0.75840E+00
    0.10591E-02    0.77304E+00
    0.10805E-02    0.78796E+00
    0.11023E-02    0.80315E+00
    0.11246E-02    0.81863E+00
    0.11473E-02    0.83439E+00
    0.11705E-02    0.85045E+00
    0.11941E-02    0.86681E+00
    0.12182E-02    0.88347E+00
    0.12429E-02    0.90044E+00
    0.12680E-02    0.91773E+00
    0.12936E-02    0.93533E+00
    0.13197E-02    0.95326E+00
    0.13464E-02    0.97151E+00
    0.13736E-02    0.99010E+00
    0.14013E-02    0.10090E+01
    0.14296E-02    0.10283E+01
    0.14585E-02    0.10479E+01
    0.14880E-02    0.10679E+01
    0.15180E-02    0.10882E+01
    0.15487E-02    0.11090E+01
    0.15800E-02    0.11300E+01
    0.16119E-02    0.11515E+01
    0.16445E-02    0.11733E+01
    0.16777E-02    0.11955E+01
    0.17116E-02    0.12181E+01
    0.17462E-02    0.12412E+01
    0.17814E-02    0.12646E+01
    0.18174E-02    0.12884E+01
    0.18541E-02    0.13126E+01
    0.18916E-02    0.13372E+01
    0.19298E-02    0.13623E+01
    0.19688E-02    0.13878E+01
    0.20086E-02    0.14137E+01
    0.20491E-02    0.14401E+01
    0.20905E-02    0.14669E+01
    0.21328E-02    0.14941E+01
    0.21758E-02    0.15218E+01
    0.22198E-02    0.15500E+01
    0.22646E-02    0.15786E+01
    0.23104E-02    0.16077E+01
    0.23571E-02    0.16372E+01
    0.24047E-02    0.16672E+01
    0.24533E-02    0.16977E+01
    0.25028E-02    0.17286E+01
    0.25534E-02    0.17600E+01
    0.26050E-02    0.17919E+01
    0.26576E-02    0.18243E+01
    0.27113E-02    0.18571E+01
    0.27660E-02    0.18905E+01
    0.28219E-02    0.19243E+01
    0.28789E-02    0.19586E+01
    0.29371E-02    0.19934E+01
    0.29964E-02    0.20287E+01
    0.30569E-02    0.20644E+01
    0.31187E-02    0.21007E+01
    0.31817E-02    0.21374E+01
    0.32460E-02    0.21746E+01
    0.33115E-02    0.22122E+01
    0.33784E-02    0.22504E+01
    0.34467E-02    0.22889E+01
    0.35163E-02    0.23280E+01
    0.35874E-02    0.23675E+01
    0.36598E-02    0.24074E+01
    0.37338E-02    0.24478E+01
    0.38092E-02    0.24887E+01
    0.38861E-02    0.25299E+01
    0.39646E-02    0.25716E+01
    0.40447E-02    0.26137E+01
    0.41264E-02    0.26561E+01
    0.42098E-02    0.26990E+01
    0.42948E-02    0.27422E+01
    0.43816E-02    0.27858E+01
    0.44701E-02    0.28297E+01
    0.45604E-02    0.28739E+01
    0.46525E-02    0.29184E+01
    0.47465E-02    0.29633E+01
    0.48424E-02    0.30084E+01
    0.49402E-02    0.30537E+01
    0.50400E-02    0.30993E+01
    0.51419E-02    0.31451E+01
    0.52457E-02    0.31911E+01
    0.53517E-02    0.32372E+01
    0.54598E-02    0.32835E+01
    0.55701E-02    0.33299E+01
    0.56826E-02    0.33764E+01
    0.57974E-02    0.34229E+01
    0.59145E-02    0.34695E+01
    0.60340E-02    0.35160E+01
    0.61559E-02    0.35626E+01
    0.62803E-02    0.36091E+01
    0.64072E-02    0.36555E+01
    0.65366E-02    0.37017E+01
    0.66686E-02    0.37479E+01
    0.68033E-02    0.37938E+01
    0.69408E-02    0.38395E+01
    0.70810E-02    0.38850E+01
    0.72240E-02    0.39301E+01
    0.73700E-02    0.39749E+01
    0.75189E-02    0.40194E+01
    0.76708E-02    0.40635E+01
    0.78257E-02    0.41071E+01
    0.79838E-02    0.41503E+01
    0.81451E-02    0.41929E+01
    0.83096E-02    0.42350E+01
    0.84775E-02    0.42764E+01
    0.86488E-02    0.43173E+01
    0.88235E-02    0.43575E+01
    0.90017E-02    0.43969E+01
    0.91836E-02    0.44357E+01
    0.93691E-02    0.44736E+01
    0.95583E-02    0.45106E+01
    0.97514E-02    0.45468E+01
    0.99484E-02    0.45820E+01
    0.10149E-01    0.46163E+01
    0.10354E-01    0.46495E+01
    0.10564E-01    0.46817E+01
    0.10777E-01    0.47127E+01
    0.10995E-01    0.47426E+01
    0.11217E-01    0.47712E+01
    0.11443E-01    0.47986E+01
    0.11675E-01    0.48247E+01
    0.11910E-01    0.48493E+01
    0.12151E-01    0.48725E+01
    0.12397E-01    0.48942E+01
    0.12647E-01    0.49144E+01
    0.12902E-01    0.49329E+01
    0.13163E-01    0.49498E+01
    0.13429E-01    0.49650E+01
    0.13700E-01    0.49783E+01
    0.13977E-01    0.49899E+01
    0.14259E-01    0.49995E+01
    0.14547E-01    0.50072E+01
    0.14841E-01    0.50129E+01
    0.15141E-01    0.50165E+01
    0.15447E-01    0.50180E+01
    0.15759E-01    0.50174E+01
    0.16077E-01    0.50145E+01
    0.16402E-01    0.50094E+01
    0.16734E-01    0.50021E+01
    0.17072E-01    0.49924E+01
    0.17416E-01    0.49803E+01
    0.17768E-01    0.49659E+01
    0.18127E-01    0.49491E+01
    0.18493E-01    0.49299E+01
    0.18867E-01    0.49082E+01
    0.19248E-01    0.48840E+01
    0.19637E-01    0.48574E+01
    0.20034E-01    0.48283E+01
    0.20438E-01    0.47968E+01
    0.20851E-01    0.47627E+01
    0.21272E-01    0.47263E+01
    0.21702E-01    0.46874E+01
    0.22141E-01    0.46462E+01
    0.22588E-01    0.46026E+01
    0.23044E-01    0.45568E+01
    0.23510E-01    0.45087E+01
    0.23985E-01    0.44584E+01
    0.24469E-01    0.44061E+01
    0.24964E-01    0.43517E+01
    0.25468E-01    0.42954E+01
    0.25982E-01    0.42374E+01
    0.26507E-01    0.41776E+01
    0.27043E-01    0.41163E+01
    0.27589E-01    0.40535E+01
    0.28146E-01    0.39894E+01
    0.28715E-01    0.39242E+01
    0.29295E-01    0.38579E+01
    0.29887E-01    0.37908E+01
    0.30490E-01    0.37231E+01
    0.31106E-01    0.36550E+01
    0.31735E-01    0.35866E+01
    0.32376E-01    0.35181E+01
    0.33030E-01    0.34497E+01
    0.33697E-01    0.33814E+01
    0.34378E-01    0.33134E+01
    0.35072E-01    0.32458E+01
    0.35781E-01    0.31790E+01
    0.36504E-01    0.31130E+01
    0.37241E-01    0.30482E+01
    0.37993E-01    0.29846E+01
    0.38761E-01    0.29226E+01
    0.39544E-01    0.28624E+01
    0.40343E-01    0.28040E+01
    0.41158E-01    0.27478E+01
    0.41989E-01    0.26937E+01
    0.42838E-01    0.26418E+01
    0.43703E-01    0.25922E+01
    0.44586E-01    0.25449E+01
    0.45486E-01    0.24997E+01
    0.46405E-01    0.24567E+01
    0.47343E-01    0.24157E+01
    0.48299E-01    0.23767E+01
    0.49275E-01    0.23395E+01
    0.50270E-01    0.23040E+01
    0.51286E-01    0.22700E+01
    0.52322E-01    0.22375E+01
    0.53379E-01    0.22064E+01
    0.54457E-01    0.21765E+01
    0.55557E-01    0.21478E+01
    0.56680E-01    0.21202E+01
    0.57825E-01    0.20933E+01
    0.58993E-01    0.20664E+01
    0.60184E-01    0.20390E+01
    0.61400E-01    0.20105E+01
    0.62641E-01    0.19806E+01
    0.63906E-01    0.19491E+01
    0.65197E-01    0.19159E+01
    0.66514E-01    0.18810E+01
    0.67858E-01    0.18441E+01
    0.69229E-01    0.18050E+01
    0.70627E-01    0.17636E+01
    0.72054E-01    0.17199E+01
    0.73510E-01    0.16741E+01
    0.74994E-01    0.16262E+01
    0.76509E-01    0.15766E+01
    0.78055E-01    0.15256E+01
    0.79632E-01    0.14737E+01
    0.81241E-01    0.14212E+01
    0.82882E-01    0.13688E+01
    0.84556E-01    0.13169E+01
    0.86264E-01    0.12660E+01
    0.88007E-01    0.12167E+01
    0.89785E-01    0.11695E+01
    0.91598E-01    0.11248E+01
    0.93449E-01    0.10831E+01
    0.95337E-01    0.10446E+01
    0.97263E-01    0.10096E+01
    0.99227E-01    0.97804E+00
    0.10123E+00    0.95000E+00
    0.10328E+00    0.92527E+00
    0.10536E+00    0.90362E+00
    0.10749E+00    0.88466E+00
    0.10966E+00    0.86795E+00
    0.11188E+00    0.85294E+00
    0.11414E+00    0.83898E+00
    0.11644E+00    0.82535E+00
    0.11880E+00    0.81125E+00
    0.12120E+00    0.79594E+00
    0.12365E+00    0.77874E+00
    0.12614E+00    0.75923E+00
    0.12869E+00    0.73725E+00
    0.13129E+00    0.71293E+00
    0.13394E+00    0.68666E+00
    0.13665E+00    0.65899E+00
    0.13941E+00    0.63052E+00
    0.14223E+00    0.60192E+00
    0.14510E+00    0.57383E+00
    0.14803E+00    0.54698E+00
    0.15102E+00    0.52206E+00
    0.15407E+00    0.49968E+00
    0.15718E+00    0.48024E+00
    0.16036E+00    0.46379E+00
    0.16360E+00    0.45009E+00
    0.16690E+00    0.43861E+00
    0.17028E+00    0.42871E+00
    0.17371E+00    0.41969E+00
    0.17722E+00    0.41087E+00
    0.18080E+00    0.40155E+00
    0.18446E+00    0.39112E+00
    0.18818E+00    0.37916E+00
    0.19198E+00    0.36558E+00
    0.19586E+00    0.35067E+00
    0.19982E+00    0.33498E+00
    0.20386E+00    0.31915E+00
    0.20797E+00    0.30384E+00
    0.21218E+00    0.28967E+00
    0.21646E+00    0.27712E+00
    0.22083E+00    0.26648E+00
    0.22530E+00    0.25755E+00
    0.22985E+00    0.25001E+00
    0.23449E+00    0.24324E+00
    0.23923E+00    0.23666E+00
    0.24406E+00    0.22977E+00
    0.24899E+00    0.22221E+00
    0.25402E+00    0.21385E+00
    0.25915E+00    0.20480E+00
    0.26439E+00    0.19553E+00
    0.26973E+00    0.18652E+00
    0.27518E+00    0.17817E+00
    0.28074E+00    0.17076E+00
    0.28641E+00    0.16431E+00
    0.29219E+00    0.15870E+00
    0.29810E+00    0.15353E+00
    0.30412E+00    0.14847E+00
    0.31026E+00    0.14321E+00
    0.31653E+00    0.13762E+00
    0.32292E+00    0.13181E+00
    0.32945E+00    0.12599E+00
    0.33610E+00    0.12046E+00
    0.34289E+00    0.11540E+00
    0.34982E+00    0.11086E+00
    0.35689E+00    0.10674E+00
    0.36409E+00    0.10281E+00
    0.37145E+00    0.98929E-01
    0.37895E+00    0.94976E-01
    0.38661E+00    0.90986E-01
    0.39442E+00    0.87072E-01
    0.40239E+00    0.83354E-01
    0.41052E+00    0.79926E-01
    0.41881E+00    0.76738E-01
    0.42727E+00    0.73676E-01
    0.43590E+00    0.70701E-01
    0.44471E+00    0.67817E-01
    0.45369E+00    0.65025E-01
    0.46286E+00    0.62326E-01
    0.47221E+00    0.59721E-01
    0.48174E+00    0.57210E-01
    0.49148E+00    0.54792E-01
    0.50141E+00    0.52469E-01
    0.51153E+00    0.50237E-01
    0.52187E+00    0.48097E-01
    0.53241E+00    0.46046E-01
    0.54317E+00    0.44082E-01
    0.55414E+00    0.42200E-01
    0.56533E+00    0.40397E-01
    0.57675E+00    0.38669E-01
    0.58840E+00    0.37013E-01
    0.60029E+00    0.35425E-01
    0.61242E+00    0.33903E-01
    0.62479E+00    0.32443E-01
    0.63741E+00    0.31042E-01
    0.65029E+00    0.29699E-01
    0.66342E+00    0.28410E-01
    0.67683E+00    0.27174E-01
    0.69050E+00    0.25988E-01
    0.70445E+00    0.24851E-01
    0.71868E+00    0.23761E-01
    0.73320E+00    0.22717E-01
    0.74801E+00    0.21716E-01
    0.76312E+00    0.20757E-01
    0.77854E+00    0.19838E-01
    0.79426E+00    0.18959E-01
    0.81031E+00    0.18116E-01
    0.82668E+00    0.17310E-01
    0.84338E+00    0.16538E-01
    0.86041E+00    0.15799E-01
    0.87780E+00    0.15092E-01
    0.89553E+00    0.14415E-01
    0.91362E+00    0.13768E-01
    0.93208E+00    0.13149E-01
    0.95091E+00    0.12556E-01
    0.97011E+00    0.11989E-01
    0.98971E+00    0.11447E-01
    0.10097E+01    0.10928E-01
    0.10301E+01    0.10432E-01
    0.10509E+01    0.99574E-02
    0.10721E+01    0.95038E-02
    0.10938E+01    0.90701E-02
    0.11159E+01    0.86556E-02
    0.11384E+01    0.82592E-02
    0.11614E+01    0.78805E-02
    0.11849E+01    0.75185E-02
    0.12088E+01    0.71726E-02
    0.12333E+01    0.68421E-02
    0.12582E+01    0.65263E-02
    0.12836E+01    0.62246E-02
    0.13095E+01    0.59365E-02
    0.13360E+01    0.56612E-02
    0.13630E+01    0.53984E-02
    0.13905E+01    0.51474E-02
    0.14186E+01    0.49077E-02
    0.14472E+01    0.46788E-02
    0.14765E+01    0.44603E-02
    0.15063E+01    0.42517E-02
    0.15367E+01    0.40526E-02
    0.15678E+01    0.38626E-02
    0.15994E+01    0.36812E-02
    0.16318E+01    0.35081E-02
    0.16647E+01    0.33429E-02
    0.16984E+01    0.31853E-02
    0.17327E+01    0.30349E-02
    0.17677E+01    0.28914E-02
    0.18034E+01    0.27545E-02
    0.18398E+01    0.26240E-02
    0.18770E+01    0.24995E-02
    0.19149E+01    0.23807E-02
    0.19536E+01    0.22674E-02
    0.19930E+01    0.21594E-02
    0.20333E+01    0.20564E-02
    0.20744E+01    0.19583E-02
    0.21163E+01    0.18646E-02
    0.21590E+01    0.17754E-02
    0.22026E+01    0.16903E-02
    0.22471E+01    0.16092E-02
    0.22925E+01    0.15319E-02
    0.23388E+01    0.14583E-02
    0.23861E+01    0.13881E-02
    0.24343E+01    0.13212E-02
    0.24835E+01    0.12575E-02
    0.25336E+01    0.11967E-02
    0.25848E+01    0.11389E-02
    0.26370E+01    0.10838E-02
    0.26903E+01    0.10313E-02
    0.27447E+01    0.98124E-03
    0.28001E+01    0.93360E-03
    0.28567E+01    0.88823E-03
    0.29144E+01    0.84502E-03
    0.29733E+01    0.80386E-03
    0.30333E+01    0.76468E-03
    0.30946E+01    0.72736E-03
    0.31571E+01    0.69184E-03
    0.32209E+01    0.65801E-03
    0.32860E+01    0.62581E-03
    0.33523E+01    0.59515E-03
    0.34201E+01    0.56597E-03
    0.34892E+01    0.53819E-03
    0.35596E+01    0.51176E-03
    0.36316E+01    0.48659E-03
    0.37049E+01    0.46265E-03
    0.37798E+01    0.43986E-03
    0.38561E+01    0.41817E-03
    0.39340E+01    0.39753E-03
    0.40135E+01    0.37790E-03
    0.40946E+01    0.35922E-03
    0.41773E+01    0.34145E-03
    0.42617E+01    0.32454E-03
    0.43478E+01    0.30846E-03
    0.44356E+01    0.29316E-03
    0.45252E+01    0.27860E-03
    0.46166E+01    0.26476E-03
    0.47099E+01    0.25159E-03
    0.48050E+01    0.23907E-03
    0.49021E+01    0.22717E-03
    0.50011E+01    0.21584E-03
    0.51021E+01    0.20508E-03
    0.52052E+01    0.19484E-03
    0.53104E+01    0.18510E-03
    0.54176E+01    0.17585E-03
    0.55271E+01    0.16705E-03
    0.56387E+01    0.15868E-03
    0.57526E+01    0.15073E-03
    0.58689E+01    0.14317E-03
    0.59874E+01    0.13598E-03
    0.61084E+01    0.12915E-03
    0.62318E+01    0.12266E-03
    0.63577E+01    0.11649E-03
    0.64861E+01    0.11063E-03
    0.66171E+01    0.10506E-03
    0.67508E+01    0.99761E-04
    0.68872E+01    0.94729E-04
    0.70263E+01    0.89947E-04
    0.71682E+01    0.85403E-04
    0.73130E+01    0.81086E-04
    0.74608E+01    0.76985E-04
    0.76115E+01    0.73088E-04
    0.77653E+01    0.69387E-04
    0.79221E+01    0.65870E-04
    0.80822E+01    0.62529E-04
    0.82454E+01    0.59356E-04
    0.84120E+01    0.56342E-04
    0.85819E+01    0.53479E-04
    0.87553E+01    0.50760E-04
    0.89322E+01    0.48177E-04
    0.91126E+01    0.45724E-04
    0.92967E+01    0.43395E-04
    0.94845E+01    0.41183E-04
    0.96761E+01    0.39083E-04
    0.98716E+01    0.37088E-04
    0.10071E+02    0.35194E-04
    0.10274E+02    0.33396E-04
    0.10482E+02    0.31689E-04
    0.10694E+02    0.30067E-04
    0.10910E+02    0.28528E-04
    0.11130E+02    0.27067E-04
    0.11355E+02    0.25680E-04
    0.11584E+02    0.24364E-04
    0.11818E+02    0.23114E-04
    0.12057E+02    0.21927E-04
    0.12301E+02    0.20801E-04
    0.12549E+02    0.19732E-04
    0.12803E+02    0.18717E-04
    0.13061E+02    0.17754E-04
    0.13325E+02    0.16841E-04
    0.13594E+02    0.15973E-04
    0.13869E+02    0.15150E-04
    0.14149E+02    0.14369E-04
    0.14435E+02    0.13628E-04
    0.14727E+02    0.12925E-04
    0.15024E+02    0.12257E-04
    0.15328E+02    0.11624E-04
    0.15637E+02    0.11023E-04
    0.15953E+02    0.10453E-04
    0.16275E+02    0.99121E-05
    0.16604E+02    0.93990E-05
    0.16940E+02    0.89121E-05
    0.17282E+02    0.84503E-05
    0.17631E+02    0.80122E-05
    0.17987E+02    0.75966E-05
    0.18351E+02    0.72024E-05
    0.18721E+02    0.68284E-05
    0.19099E+02    0.64737E-05
    0.19485E+02    0.61373E-05
    0.19879E+02    0.58182E-05
    0.20280E+02    0.55155E-05
    0.20690E+02    0.52285E-05
    0.21108E+02    0.49562E-05
    0.21535E+02    0.46980E-05
    0.21970E+02    0.44532E-05
    0.22413E+02    0.42210E-05
    0.22866E+02    0.40008E-05
    0.23328E+02    0.37920E-05
    0.23799E+02    0.35940E-05
    0.24280E+02    0.34063E-05
    0.24771E+02    0.32283E-05
    0.25271E+02    0.30595E-05
    0.25782E+02    0.28995E-05
    0.26302E+02    0.27478E-05
    0.26834E+02    0.26040E-05
    0.27376E+02    0.24676E-05
    0.27929E+02    0.23383E-05
    0.28493E+02    0.22157E-05
    0.29069E+02    0.20996E-05
    0.29656E+02    0.19894E-05
    0.30255E+02    0.18850E-05
    0.30866E+02    0.17860E-05
    0.31490E+02    0.16922E-05
    0.32126E+02    0.16033E-05
    0.32775E+02    0.15190E-05
    0.33437E+02    0.14391E-05
    0.34112E+02    0.13634E-05
    0.34801E+02    0.12917E-05
    0.35504E+02    0.12237E-05
    0.36222E+02    0.11592E-05
    0.36953E+02    0.10981E-05
    0.37700E+02    0.10402E-05
    0.38462E+02    0.98536E-06
    0.39239E+02    0.93337E-06
    0.40031E+02    0.88411E-06
    0.40840E+02    0.83743E-06
    0.41665E+02    0.79319E-06
    0.42507E+02    0.75128E-06
    0.43365E+02    0.71157E-06
    0.44241E+02    0.67393E-06
    0.45135E+02    0.63828E-06
    0.46047E+02    0.60450E-06
    0.46977E+02    0.57249E-06
    0.47926E+02    0.54217E-06
    0.48894E+02    0.51344E-06
    0.49882E+02    0.48623E-06
    0.50890E+02    0.46045E-06
    0.51918E+02    0.43602E-06
    0.52966E+02    0.41288E-06
    0.54036E+02    0.39096E-06
    0.55128E+02    0.37020E-06
    0.56242E+02    0.35053E-06
    0.57378E+02    0.33190E-06
    0.58537E+02    0.31425E-06
    0.59720E+02    0.29754E-06
    0.60926E+02    0.28170E-06
    0.62157E+02    0.26671E-06
    0.63412E+02    0.25251E-06
    0.64693E+02    0.23905E-06
    0.66000E+02    0.22631E-06
    0.67334E+02    0.21425E-06
    0.68694E+02    0.20282E-06
    0.70082E+02    0.19200E-06
    0.71497E+02    0.18175E-06
    0.72942E+02    0.17205E-06
    0.74415E+02    0.16286E-06
    0.75918E+02    0.15415E-06
    0.77452E+02    0.14591E-06
    0.79017E+02    0.13811E-06
    0.80613E+02    0.13072E-06
    0.82241E+02    0.12372E-06
    0.83903E+02    0.11710E-06
    0.85598E+02    0.11082E-06
    0.87327E+02    0.10488E-06
    0.89091E+02    0.99259E-07
    0.90891E+02    0.93935E-07
    0.92727E+02    0.88894E-07
    0.94600E+02    0.84122E-07
    0.96511E+02    0.79604E-07
    0.98461E+02    0.75327E-07
    0.10045E+03    0.71277E-07
    0.10248E+03    0.67444E-07
    0.10455E+03    0.63815E-07
    0.10666E+03    0.60380E-07
    0.10882E+03    0.57128E-07
    0.11101E+03    0.54050E-07
    0.11326E+03    0.51137E-07
    0.11554E+03    0.48379E-07
    0.11788E+03    0.45768E-07
    0.12026E+03    0.43297E-07
    0.12269E+03    0.40959E-07
    0.12517E+03    0.38745E-07
    0.12770E+03    0.36650E-07
    0.13028E+03    0.34668E-07
    0.13291E+03    0.32791E-07
    0.13559E+03    0.31015E-07
    0.13833E+03    0.29335E-07
    0.14113E+03    0.27744E-07
    0.14398E+03    0.26239E-07
    0.14689E+03    0.24815E-07
    0.14985E+03    0.23467E-07
    0.15288E+03    0.22192E-07
    0.15597E+03    0.20985E-07
    0.15912E+03    0.19843E-07
    0.16233E+03    0.18763E-07
    0.16561E+03    0.17740E-07
    0.16896E+03    0.16773E-07
    0.17237E+03    0.15858E-07
    0.17585E+03    0.14992E-07
    0.17941E+03    0.14173E-07
    0.18303E+03    0.13398E-07
    0.18673E+03    0.12665E-07
    0.19050E+03    0.11971E-07
    0.19435E+03    0.11315E-07
    0.19828E+03    0.10695E-07
    0.20228E+03    0.10108E-07
    0.20637E+03    0.95523E-08
    0.21054E+03    0.90270E-08
    0.21479E+03    0.85302E-08
    0.21913E+03    0.80603E-08
    0.22356E+03    0.76159E-08
    0.22807E+03    0.71956E-08
    0.23268E+03    0.67981E-08
    0.23738E+03    0.64222E-08
    0.24217E+03    0.60668E-08
    0.24707E+03    0.57306E-08
    0.25206E+03    0.54128E-08
    0.25715E+03    0.51122E-08
    0.26234E+03    0.48280E-08
    0.26764E+03    0.45594E-08
    0.27305E+03    0.43053E-08
    0.27857E+03    0.40652E-08
    0.28419E+03    0.38382E-08
    0.28994E+03    0.36236E-08
    0.29579E+03    0.34207E-08
    0.30177E+03    0.32290E-08
    0.30786E+03    0.30477E-08
    0.31408E+03    0.28765E-08
    0.32043E+03    0.27146E-08
    0.32690E+03    0.25616E-08
    0.33351E+03    0.24170E-08
    0.34024E+03    0.22805E-08
    0.34712E+03    0.21514E-08
    0.35413E+03    0.20295E-08
    0.36128E+03    0.19143E-08
    0.36858E+03    0.18055E-08
    0.37603E+03    0.17027E-08
    0.38362E+03    0.16056E-08
    0.39137E+03    0.15139E-08
    0.39928E+03    0.14273E-08
    0.40734E+03    0.13456E-08
    0.41557E+03    0.12684E-08
    0.42397E+03    0.11955E-08
    0.43253E+03    0.11267E-08
    0.44127E+03    0.10618E-08
    0.45019E+03    0.10005E-08
    0.45928E+03    0.94261E-09
    0.46856E+03    0.88802E-09
    0.47802E+03    0.83652E-09
    0.48768E+03    0.78793E-09
    0.49753E+03    0.74209E-09
    0.50758E+03    0.69886E-09
    0.51784E+03    0.65809E-09
    0.52830E+03    0.61964E-09
    0.53897E+03    0.58338E-09
    0.54986E+03    0.54921E-09
    0.56097E+03    0.51699E-09
    0.57230E+03    0.48664E-09
    0.58386E+03    0.45803E-09
    0.59565E+03    0.43108E-09
    0.60769E+03    0.40569E-09
    0.61996E+03    0.38178E-09
    0.63249E+03    0.35926E-09
    0.64526E+03    0.33805E-09
    0.65830E+03    0.31808E-09
    0.67160E+03    0.29929E-09
    0.68516E+03    0.28160E-09
    0.69901E+03    0.26495E-09
    0.71313E+03    0.24929E-09
    0.72753E+03    0.23455E-09
    0.74223E+03    0.22069E-09
    0.75722E+03    0.20765E-09
    0.77252E+03    0.19540E-09
    0.78813E+03    0.18387E-09
    0.80405E+03    0.17303E-09
    0.82029E+03    0.16284E-09
    0.83686E+03    0.15327E-09
    0.85377E+03    0.14427E-09
    0.87101E+03    0.13580E-09
    0.88861E+03    0.12785E-09
    0.90656E+03    0.12038E-09
    0.92488E+03    0.11335E-09
    0.94356E+03    0.10675E-09
    0.96262E+03    0.10054E-09
    0.98207E+03    0.94708E-10
    0.10019E+04    0.89226E-10
    0.10221E+04    0.84074E-10
    0.10428E+04    0.79229E-10
    0.10639E+04    0.74674E-10
    0.10854E+04    0.70390E-10
    0.11073E+04    0.66358E-10
    0.11296E+04    0.62564E-10
    0.11525E+04    0.58993E-10
    0.11757E+04    0.55630E-10
    0.11995E+04    0.52463E-10
    0.12237E+04    0.49480E-10
    0.12485E+04    0.46669E-10
    0.12737E+04    0.44021E-10
    0.12994E+04    0.41524E-10
    0.13257E+04    0.39170E-10
    0.13524E+04    0.36951E-10
    0.13798E+04    0.34858E-10
    0.14076E+04    0.32885E-10
    0.14361E+04    0.31023E-10
    0.14651E+04    0.29267E-10
    0.14947E+04    0.27610E-10
    0.15249E+04    0.26047E-10
    0.15557E+04    0.24572E-10
    0.15871E+04    0.23180E-10
    0.16192E+04    0.21866E-10
    0.16519E+04    0.20627E-10
    0.16852E+04    0.19458E-10
    0.17193E+04    0.18355E-10
    0.17540E+04    0.17315E-10
    0.17894E+04    0.16335E-10
    0.18256E+04    0.15411E-10
    0.18625E+04    0.14541E-10
    0.19001E+04    0.13720E-10
    0.19385E+04    0.12947E-10
    0.19776E+04    0.12218E-10
    0.20176E+04    0.11532E-10
    0.20583E+04    0.10885E-10
    0.20999E+04    0.10275E-10
    0.21424E+04    0.97003E-11
    0.21856E+04    0.91579E-11
    0.22298E+04    0.86462E-11
    0.22748E+04    0.81633E-11
    0.23208E+04    0.77076E-11
    0.23677E+04    0.72774E-11
    0.24155E+04    0.68712E-11
    0.24643E+04    0.64876E-11
    0.25141E+04    0.61253E-11
    0.25649E+04    0.57831E-11
    0.26167E+04    0.54600E-11
    0.26695E+04    0.51548E-11
    0.27235E+04    0.48667E-11
    0.27785E+04    0.45946E-11
    0.28346E+04    0.43377E-11
    0.28919E+04    0.40952E-11
    0.29503E+04    0.38662E-11
    0.30099E+04    0.36499E-11
